2188
41363
58686
37427
10229
21396
52245
30306
23354
27057
43549
24222
34459
30165
3887
58986
60548
9628
49740
54929
30912
2914
16391
39806
1609
36570
19137
24468
62064
20291
56566
14768
29176
3665
20432
10074
24795
33364
52402
14784
14527
54354
38403
21130
40476
48125
32253
35866
32219
3068
6337
22089
3582
34028
9331
63306
35109
8528
1590
28260
8052
63583
34988
15801
7421
52672
42838
55306
34681
26824
48387
61653
40978
41752
61956
46949
35733
36079
3016
47635
30927
6400
31393
21635
39750
2768
40623
52322
13650
46466
6538
43625
18683
52691
45755
8942
49207
50504
57444
6458
